PlayerStart 150 350 150 350
FieldStart 100 200 100 200
FieldFinish 600 200 100 200
Checkpoint 100 200 100 200
Checkpoint 600 200 100 200
Checkpoint 300 300 50 50
Checkpoint 500 300 50 50
Wall 100 200 200 200 5
Wall 200 200 200 370 5
Wall 200 370 230 370 5
Wall 230 370 230 237 5
Wall 230 237 532 237 5
Wall 532 237 532 200 5
Wall 532 200 700 200 5
Wall 700 200 700 400 5
Wall 700 400 600 400 5
Wall 600 400 600 237 5
Wall 600 237 564 237 5
Wall 564 237 564 371 5
Wall 564 371 263 371 5
Wall 263 371 263 400 5
Wall 263 400 100 400 5
Wall 100 400 100 200 5
Food 350 250 5
Food 400 250 5
Food 450 250 5
Enemy 250 200 5 5 5 linearx 256 556
Enemy 465 365 8 8 3.7 circle 70 3.7 0
Enemy 500 250 5 5 5 pattern 300 300 400 400 500 300
