PlayerStart 464 117 464 117
FieldStart 421 51 90 130
FieldFinish 153 322 130 90
Checkpoint 421 51 90 130
Checkpoint 153 322 130 90
Wall 150 320 280 320 5
Wall 280 320 280 280 5
Wall 280 280 330 280 5
Wall 330 280 330 230 5
Wall 330 230 380 230 5
Wall 380 230 380 190 5
Wall 380 190 420 190 5
Wall 420 190 420 50 5
Wall 420 50 510 50 5
Wall 510 50 510 190 5
Wall 510 190 550 190 5
Wall 550 190 550 230 5
Wall 550 230 600 230 5
Wall 600 230 600 280 5
Wall 600 280 640 280 5
Wall 640 280 640 460 5
Wall 640 460 600 460 5
Wall 600 460 600 500 5
Wall 600 500 560 500 5
Wall 560 500 560 540 5
Wall 560 540 380 540 5
Wall 380 540 380 500 5
Wall 380 500 330 500 5
Wall 330 500 330 460 5
Wall 330 460 290 460 5
Wall 290 460 290 410 5
Wall 290 410 150 410 5
Wall 150 410 150 320 5
Enemy 465 365 8 8 3.7 circle 0 3.7 0
Enemy 465 365 8 8 3.7 circle 35 3.7 0 
Enemy 465 365 8 8 3.7 circle 70 3.7 0
Enemy 465 365 8 8 3.7 circle 110 3.7 0
Enemy 465 365 8 8 3.7 circle 145 3.7 0
Enemy 465 365 8 8 3.7 circle 180 3.7 0
Enemy 465 365 8 8 3.7 circle 0 3.7 90
Enemy 465 365 8 8 3.7 circle 35 3.7 90 
Enemy 465 365 8 8 3.7 circle 70 3.7 90
Enemy 465 365 8 8 3.7 circle 110 3.7 90
Enemy 465 365 8 8 3.7 circle 145 3.7 90
Enemy 465 365 8 8 3.7 circle 180 3.7 90
Enemy 465 365 8 8 3.7 circle 0 3.7 180
Enemy 465 365 8 8 3.7 circle 35 3.7 180 
Enemy 465 365 8 8 3.7 circle 70 3.7 180
Enemy 465 365 8 8 3.7 circle 110 3.7 180
Enemy 465 365 8 8 3.7 circle 145 3.7 180
Enemy 465 365 8 8 3.7 circle 180 3.7 180
Enemy 465 365 8 8 3.7 circle 0 3.7 270
Enemy 465 365 8 8 3.7 circle 35 3.7 270 
Enemy 465 365 8 8 3.7 circle 70 3.7 270
Enemy 465 365 8 8 3.7 circle 110 3.7 270
Enemy 465 365 8 8 3.7 circle 145 3.7 270
Enemy 465 365 8 8 3.7 circle 180 3.7 270
Food 465 232 5
Food 466 502 5
Food 600 367 5