PlayerStart 150 295 150 350
FieldStart 100 260 100 70
FieldFinish 600 260 100 70
Checkpoint 100 260 100 70
Checkpoint 600 260 100 70
Wall 100 260 200 260 5
Wall 200 260 200 260 5
Wall 200 260 200 260 5
Wall 200 260 200 200 5
Wall 200 200 600 200 5
Wall 600 200 600 260 5
Wall 600 260 700 260 5
Wall 700 260 700 330 5
Wall 700 330 600 330 5
Wall 600 330 600 400 5
Wall 600 400 200 400 5
Wall 200 400 200 330 5
Wall 200 330 100 330 5
Wall 100 330 100 260 5
Enemy 215 216 5 5 15 lineary 216 400
Enemy 281 216 5 5 15 lineary 216 400
Enemy 347 216 5 5 15 lineary 216 400
Enemy 416 216 5 5 15 lineary 216 400
Enemy 485 216 5 5 15 lineary 216 400
Enemy 549 216 5 5 15 lineary 216 400
Enemy 248 400 5 5 15 lineary 216 400
Enemy 316 400 5 5 15 lineary 216 400
Enemy 382 400 5 5 15 lineary 216 400
Enemy 448 400 5 5 15 lineary 216 400
Enemy 515 400 5 5 15 lineary 216 400
Enemy 581 400 5 5 15 lineary 216 400
Food 400 300 5